Epoch	TotalEnvInteracts	Time	AverageEpRet	StdEpRet	MaxEpRet	MinEpRet	EpLen	AverageTestEpRet	StdTestEpRet	MaxTestEpRet	MinTestEpRet	TestEpLen	AverageQ1Vals	StdQ1Vals	MaxQ1Vals	MinQ1Vals	LossQ1	AverageLogPi	StdLogPi	MaxLogPi	MinLogPi	LossPi	AverageAlpha	StdAlpha	MaxAlpha	MinAlpha	LossAlpha	AveragePreTanh	StdPreTanh	MaxPreTanh	MinPreTanh	AverageMCDisRet	StdMCDisRet	MaxMCDisRet	MinMCDisRet	AverageMCDisRetEnt	StdMCDisRetEnt	MaxMCDisRetEnt	MinMCDisRetEnt	AverageQPred	StdQPred	MaxQPred	MinQPred	AverageQBias	StdQBias	MaxQBias	MinQBias	AverageQBiasAbs	StdQBiasAbs	MaxQBiasAbs	MinQBiasAbs	AverageNormQBias	StdNormQBias	MaxNormQBias	MinNormQBias	AverageQBiasSqr	StdQBiasSqr	MaxQBiasSqr	MinQBiasSqr	AverageNormQBiasSqr	StdNormQBiasSqr	MaxNormQBiasSqr	MinNormQBiasSqr
0	999	3.7091495990753174	22.293045	23.317293	132.62253	5.2394886	24.625	60.34344	0.0	60.34344	60.34344	53.0	0.0	0.0	0.0	0.0	0.0	0.0	0.0	0.0	0.0	0.0	0.0	0.0	0.0	0.0	0.0	0.0	0.0	0.0	0.0	6.729163	6.7094154	36.67838	-2.6259475	10.1052065	9.05973	48.58363	-1.3433347	-0.0061865887	0.047799826	0.16857295	-0.16255322	-10.111393	9.070131	1.380724	-48.578903	10.145801	9.031627	48.578903	0.0015084072	-0.66078264	0.36803898	0.13807239	-1.0099081	184.50757	321.93195	2359.91	2.2752922e-06	9.227103	9.629298	48.574177	2.2752923e-07
1	1999	6.824235439300537	20.814556	20.167421	124.153015	5.428253	23.5	60.34344	0.0	60.34344	60.34344	53.0	0.0	0.0	0.0	0.0	0.0	0.0	0.0	0.0	0.0	0.0	0.0	0.0	0.0	0.0	0.0	0.0	0.0	0.0	0.0	7.7483964	7.3103423	39.080383	-2.8002496	10.984582	9.529416	48.683903	-0.9443767	-0.0039523044	0.046874445	0.1873202	-0.16224205	-10.988535	9.540507	0.9013307	-48.688946	11.003257	9.523523	48.688946	0.010138883	-0.68888617	0.3561483	0.09013307	-1.0123336	211.76918	347.30273	2370.6133	0.000102796956	10.116433	10.14891	48.69399	1.0279696e-05
2	2999	10.231616258621216	17.460537	16.582548	105.42657	5.3510084	20.979591	59.399616	0.0	59.399616	59.399616	53.0	0.0	0.0	0.0	0.0	0.0	0.0	0.0	0.0	0.0	0.0	0.0	0.0	0.0	0.0	0.0	0.0	0.0	0.0	0.0	7.2427897	9.662742	58.47826	-4.9938407	10.739811	12.036866	74.159966	-2.5599966	-0.008469308	0.043854173	0.14607239	-0.1162291	-10.74828	12.045053	2.5024695	-74.17783	10.850833	11.952749	74.17783	0.004840643	-0.64133024	0.3899804	0.25024694	-1.007716	260.6088	697.6268	5502.351	2.3431827e-05	9.972205	12.455373	74.19571	2.3431828e-06
3	3999	13.620061874389648	17.077888	8.235182	38.263966	5.8786683	22.044445	59.796833	0.0	59.796833	59.796833	53.0	0.0	0.0	0.0	0.0	0.0	0.0	0.0	0.0	0.0	0.0	0.0	0.0	0.0	0.0	0.0	0.0	0.0	0.0	0.0	5.590205	5.223795	26.146915	-3.7620258	8.85311	7.3463855	36.12098	-1.6736872	-0.0084248325	0.046498656	0.16572559	-0.1531436	-8.861535	7.3598332	1.622532	-36.12196	8.906902	7.304865	36.12196	0.0096228905	-0.6338095	0.3774763	0.1622532	-1.0088505	132.69395	191.04324	1304.7959	9.2600014e-05	7.968458	7.9119225	36.12294	9.260001e-06
4	4999	17.412065029144287	22.184013	22.71988	109.465385	6.3513336	23.47619	60.312553	0.0	60.312553	60.312553	54.0	0.0	0.0	0.0	0.0	0.0	0.0	0.0	0.0	0.0	0.0	0.0	0.0	0.0	0.0	0.0	0.0	0.0	0.0	0.0	6.659572	6.1368732	31.83089	-0.9763319	9.697317	8.446303	43.746334	-0.7335528	-0.0038977338	0.04480517	0.14505142	-0.13319752	-9.701216	8.457614	0.67892385	-43.791626	9.705785	8.452368	43.791626	0.0013547449	-0.6547917	0.36147785	0.06789238	-1.0126789	165.6448	276.27405	1917.7067	1.8353337e-06	8.749803	9.069452	43.836967	1.8353337e-07
5	5999	2565.229807138443	159.95836	80.158226	306.92307	23.942968	81.833336	346.81934	0.0	346.81934	346.81934	164.0	106.63303	64.35729	231.9223	-65.10746	30.35784	-0.17616151	2.0832129	14.162564	-10.315588	-114.500725	0.90397495	0.04701637	0.99970007	0.8259133	-0.09313768	0.950425	0.665807	4.4443502	2.9057264e-06	114.1074	42.709267	159.5397	2.5890822	126.9375	48.73338	181.32849	2.5890822	193.94138	39.475723	254.48508	2.1987665	67.00389	39.076885	153.2875	-33.748695	67.38654	38.41327	153.2875	0.05021599	0.91387814	1.1655699	9.656081	-0.2143597	6016.5244	6028.2246	23497.06	0.0025216457	85.70462	118.80169	932.3991	0.00020336456
6	6999	4862.434130430222	310.71133	23.253939	351.50726	280.21906	143.42857	284.3044	0.0	284.3044	284.3044	128.0	207.68544	57.14807	276.34366	-65.045364	58.239147	0.20199384	2.3816748	15.242373	-10.35761	-219.3152	0.74010044	0.049484663	0.8257577	0.65294755	-0.24254192	0.9956541	0.71576476	5.3255973	6.854534e-07	89.13387	44.556953	154.9248	0.4032776	97.16969	49.98907	173.98624	0.33143094	204.34274	60.267498	262.45038	-83.57966	107.17304	28.041147	152.82849	-83.98293	107.67795	26.03511	152.82849	0.6005962	1.8228143	1.9936175	11.000341	-8.3982935	12272.365	4839.758	23356.547	0.36071578	201.25883	203.42271	1210.0751	0.036071576
7	7999	7169.7185525894165	305.92734	32.814674	351.16678	257.20367	146.16667	353.25803	0.0	353.25803	353.25803	182.0	193.19795	61.45651	264.33472	-84.17456	45.484814	-0.021796787	2.4048636	14.766558	-10.074698	-202.47878	0.56173384	0.05198663	0.6527631	0.4749967	-0.6006876	0.971309	0.7167187	6.521052	1.411885e-06	104.491264	43.27802	160.93112	1.0679699	117.87749	49.83681	180.09787	1.0679699	162.41614	49.81487	213.36491	11.924733	44.538647	27.513245	115.092026	-11.262226	44.761353	27.149418	115.092026	0.09555983	0.65443397	0.93567157	6.786777	-0.12387429	2740.6697	2957.1926	13246.174	0.009131681	39.48036	61.476086	460.6034	0.00011482665
8	8999	9532.307577848434	321.05374	82.81423	419.13773	142.35237	163.0	252.99443	0.0	252.99443	252.99443	109.0	154.52562	50.14715	217.17447	-77.23024	26.526825	-0.18076997	2.3261259	14.941935	-11.440516	-161.12018	0.4048576	0.03804084	0.47483486	0.3421684	-1.0760007	0.9280628	0.6961189	5.31865	1.1920929e-07	104.78685	43.43852	149.21236	2.8191838	113.906624	48.314552	164.81116	2.8191838	134.37341	44.312035	180.40881	28.604212	20.466797	5.573146	36.474693	8.285337	20.466797	5.573146	36.474693	8.285337	0.3633173	0.58421594	3.647469	0.06856768	449.94974	247.46439	1330.4031	68.64681	9.545191	18.307714	133.04031	0.5681063
9	9999	11915.130975723267	304.63177	46.74568	364.0434	236.16476	140.14285	313.165	0.0	313.165	313.165	131.0	137.56569	45.463154	184.48468	-67.52512	18.763563	-0.17241488	2.3731205	16.253387	-12.94437	-142.91422	0.29350123	0.025647547	0.3420546	0.25349578	-1.4333718	0.9204062	0.69453895	6.423005	1.9073486e-06	119.34491	49.144207	168.60925	2.328462	130.19455	53.69634	186.50256	2.328462	111.41244	52.53069	163.84933	-16.688904	-18.782104	4.2330074	-6.4674306	-29.729567	18.782104	4.2330074	29.729567	6.4674306	-0.2159767	0.22339055	-0.060035374	-1.9384841	370.68582	156.1481	883.8471	41.82766	3.8977132	3.577817	37.5772	0.5291489
10	10999	14369.612939357758	314.97726	12.837572	343.67715	297.19104	129.625	332.1067	0.0	332.1067	332.1067	140.0	129.55548	44.187546	170.05397	-69.12814	15.746057	-0.022848083	2.4287043	18.071423	-9.582035	-134.17216	0.22196692	0.017688956	0.25342992	0.19225284	-1.543594	0.93519	0.6985276	5.526531	1.1920929e-07	123.44949	49.736134	175.43764	2.6437893	133.19809	54.87212	190.13928	2.6437893	112.17743	46.390076	162.24539	-0.054762494	-21.020668	9.772262	-0.14181244	-40.638073	21.020668	9.772262	40.638073	0.14181244	-0.15961987	0.049301647	-0.006621533	-0.39550966	537.36566	358.53076	1651.4531	0.020110767	3.49319	1.953822	10.71261	0.0020110768
11	11999	16767.317925691605	318.24335	16.23285	335.17838	283.60352	125.57143	341.1623	0.0	341.1623	341.1623	128.0	127.659744	42.215084	165.0738	-63.71966	12.304948	0.04145738	2.4896796	18.155008	-12.64443	-131.64465	0.16749527	0.01320071	0.19219375	0.14644766	-1.709272	0.93270826	0.707562	5.6072416	1.6093254e-06	126.29975	50.712715	179.34267	2.6331036	133.93481	55.110615	193.05774	2.6331036	114.047646	50.349716	163.77713	-2.3704622	-19.887169	9.275221	3.2199907	-39.36994	19.921537	9.20117	39.36994	0.19002667	-0.16446057	0.09971272	0.18876584	-0.70255905	481.5292	340.75345	1549.9924	0.036110137	3.6001408	2.6958804	15.985686	0.0008634542
12	12999	19197.830691337585	337.2829	21.321953	364.3841	288.68988	129.375	357.57532	0.0	357.57532	357.57532	132.0	129.79811	42.9764	169.25526	-67.30706	11.667632	0.2546571	2.6093035	20.208704	-10.1987505	-133.61284	0.12956113	0.009079731	0.14641124	0.11543292	-1.5181415	0.9654856	0.7327048	5.923654	6.556511e-07	137.47585	53.957806	187.7542	2.8142247	138.01022	57.20876	194.95692	2.8142247	116.99744	49.828518	164.69005	-3.8075585	-21.012785	9.344684	10.199337	-37.948635	21.219584	8.865078	37.948635	0.087092124	-0.16228352	0.084371984	0.16069445	-0.76199967	528.8602	326.23334	1440.0989	0.007585038	3.532579	1.8055595	9.241508	8.8892586e-05
13	13999	21621.41130399704	362.12183	14.6455555	390.09756	343.98462	132.25	383.4229	0.0	383.4229	383.4229	132.0	132.8988	44.15957	175.70525	-69.20527	11.163039	0.5361613	2.745618	20.91032	-11.178803	-136.5418	0.10508673	0.0058186008	0.11540983	0.09569394	-1.0430298	1.0040945	0.7616779	5.976469	1.7881393e-07	151.58676	57.985092	203.35895	3.3665562	148.14589	57.299786	203.97404	3.3665562	125.22534	48.146214	173.94905	-1.8186209	-22.920547	11.50816	9.891356	-42.579258	23.253153	10.8203535	42.579258	0.16877098	-0.15707624	0.078923166	0.2508702	-0.5447588	657.78925	431.93417	1812.9934	0.028483646	3.9293048	2.242457	10.917628	0.00045001783
14	14999	24020.04220223427	371.208	11.6260805	388.4086	354.43997	131.14285	389.3863	0.0	389.3863	389.3863	133.0	137.12767	45.88016	184.4669	-71.71359	11.133054	0.7874462	2.891794	21.890244	-11.806343	-140.66624	0.088946216	0.0032735309	0.09567961	0.08520281	-0.5099581	1.0381781	0.792963	6.3744793	2.540648e-06	151.47186	58.300526	203.46951	3.1165514	147.25665	57.05534	203.70119	3.1165514	132.11957	50.620087	183.39922	-0.5566943	-15.137076	8.277173	9.359646	-31.38648	15.47101	7.634824	31.38648	0.006202378	-0.1019227	0.065741204	0.34470683	-0.49390423	297.6427	234.03526	985.11115	3.846949e-05	1.783005	1.1389288	6.0127597	7.0115965e-07
15	15999	26467.210693836212	376.88452	17.298199	400.83093	346.4387	130.25	351.07913	0.0	351.07913	351.07913	123.0	142.89218	48.50275	189.11613	-71.91924	11.079058	1.0732375	2.9018178	22.8421	-13.501308	-146.30536	0.087753445	0.0015074657	0.090928614	0.085637696	0.17799392	1.0747014	0.8155748	6.819613	1.3709068e-06	150.74428	56.138367	202.2726	3.2180164	147.83575	56.39959	205.99475	3.2180164	136.53194	53.116158	185.7516	-0.94966257	-11.3038	8.582967	15.264878	-31.05389	12.191692	7.266762	31.05389	0.007910824	-0.07355888	0.13829677	1.5264878	-0.5981909	201.44322	182.84908	964.3441	6.2581144e-05	1.4637811	1.6789329	23.30165	3.4378337e-07
16	16999	28870.61838412285	390.07892	32.204067	447.1158	346.2762	134.85715	397.4609	0.0	397.4609	397.4609	135.0	145.14165	49.719604	199.64218	-75.2296	10.433556	0.985333	2.8830519	23.66603	-12.214248	-148.52094	0.091667175	0.0010294756	0.093088746	0.08928946	-0.035276953	1.0590749	0.81604564	7.384659	2.9802322e-07	161.5904	61.194954	224.55464	3.6978893	148.86432	57.680794	213.19853	3.6978893	155.30379	30.742151	193.67023	47.17075	6.4394526	33.87788	87.53732	-34.31441	25.604742	23.099232	87.53732	0.021711033	0.34807116	0.9658148	5.863982	-0.18491092	1189.1772	1837.06	7662.783	0.00047136899	25.180485	55.05911	366.87433	3.930492e-06
17	17999	31262.13045501709	402.86572	126.146225	569.4614	122.5541	143.14285	428.88696	0.0	428.88696	428.88696	142.0	151.93771	52.202	220.56387	-74.50163	12.034041	1.3138162	3.0476344	25.146557	-14.040409	-155.53386	0.100777484	0.010568735	0.11936138	0.08893005	0.7098887	1.1093397	0.8773541	7.932727	1.3411045e-06	161.76393	59.056194	237.07932	3.9363678	152.80377	56.70752	221.70195	3.9363678	168.9193	52.07668	223.42056	-7.016402	16.115534	23.80299	86.49462	-30.016115	21.375706	19.21905	86.49462	0.009359176	0.1791761	0.42676038	3.0695906	-1.6385452	826.2928	1323.5402	7481.3193	8.759418e-05	10.038454	23.045547	167.45883	1.2667471e-06
18	18999	33689.72029662132	471.81445	154.63675	645.63086	190.4911	168.83333	543.312	0.0	543.312	543.312	176.0	159.03712	56.092655	219.34871	-78.48752	12.566741	0.9146688	2.836082	24.084724	-11.781624	-162.58412	0.11617798	0.002575498	0.11955188	0.110363044	-0.18453091	1.0468525	0.82406133	7.4216433	3.7252903e-06	191.56392	66.75429	256.61493	3.598955	183.37483	65.03046	246.01892	3.598955	150.05377	54.26815	207.33127	2.399979	-33.321045	15.077024	8.382228	-67.56971	33.41795	14.860993	67.56971	0.04008737	-0.17437136	0.08170239	0.8382228	-0.45482266	1337.6085	974.11334	4565.6655	0.001606997	6.583104	4.351025	21.26392	4.305868e-05
19	19999	36114.739530563354	554.7321	73.91908	645.30853	429.80988	182.16667	589.90686	0.0	589.90686	589.90686	207.0	158.23735	54.787647	222.1933	-80.62938	11.600995	0.9680867	2.8638391	24.111166	-11.635631	-161.6106	0.108018965	0.0007874364	0.1103492	0.10643061	-0.070848756	1.0415169	0.8342187	8.050503	1.899898e-06	199.04832	67.69419	267.69217	3.6442761	187.1009	65.24387	248.04436	3.6442761	162.229	53.356613	209.84274	0.027900338	-24.871891	15.344876	11.317217	-57.24218	25.219616	14.7664175	57.24218	0.07958391	-0.11899792	0.0927121	0.5633039	-0.5852828	854.0762	733.58624	3276.6672	0.0063335993	3.898522	2.9267137	13.232257	3.694748e-05
20	20999	38594.923424720764	641.1521	58.840206	695.6787	546.0592	216.75	639.67926	0.0	639.67926	639.67926	203.0	163.28102	57.02405	230.30254	-76.520615	11.162695	1.0121258	2.8481605	23.413017	-11.7674265	-166.57841	0.10749731	0.00081709697	0.10855132	0.10613862	0.027121397	1.0444125	0.8415276	8.523004	1.6391277e-07	202.14612	66.8534	268.4074	3.6130254	194.94537	64.99742	258.31918	3.6130254	171.47546	54.395737	220.40427	-2.795477	-23.469917	18.805895	32.369656	-48.831463	27.317402	12.580071	48.831463	0.14474316	-0.098721124	0.22294304	3.1842349	-0.7334401	904.4986	660.5479	2384.512	0.020950582	4.734382	6.0635147	101.39352	0.00044696
21	21999	41037.92798447609	709.15686	66.32961	795.35596	634.99585	228.4	855.0583	0.0	855.0583	855.0583	259.0	167.25774	57.898315	233.2703	-76.972435	10.040336	1.0110207	2.854522	24.61927	-11.820789	-170.46976	0.10848817	0.0002843111	0.10969193	0.108085155	0.024473462	1.055764	0.84395444	7.770095	4.4703484e-08	233.07939	73.81076	298.8412	3.7070158	220.70305	69.3821	286.16937	3.7070158	179.63708	53.97456	224.83975	-4.5905285	-41.06597	17.028906	2.8754618	-68.6431	41.07581	17.005167	68.6431	0.01963764	-0.18301257	0.0597195	0.18434687	-0.9510214	1976.3978	1214.9474	4711.875	0.0003856369	7.911631	4.0391006	17.30846	3.856369e-05
22	22999	43514.30477333069	798.5326	64.552704	888.9216	716.60626	247.25	844.7813	0.0	844.7813	844.7813	260.0	172.2995	58.743553	239.33047	-82.954094	10.27699	1.0550026	2.8435056	24.02184	-11.088596	-175.48703	0.11481552	0.0031308588	0.11950153	0.10971197	0.11931438	1.0574591	0.83451295	6.999121	3.233552e-06	231.59567	70.81336	291.4307	4.5763497	221.52998	69.175705	282.25235	4.5763497	183.77481	56.429695	229.66167	0.7980951	-37.755173	14.321805	19.004103	-65.208916	37.92822	13.857039	65.208916	0.2595237	-0.16296735	0.101007275	1.9004103	-0.48196894	1630.5673	904.37134	4252.2026	0.06735254	6.741376	3.179942	36.115593	0.0030335265
23	23999	45983.006202459335	773.4795	123.47317	868.7729	561.448	237.75	1085.8182	0.0	1085.8182	1085.8182	317.0	177.11024	60.399975	246.62498	-87.84052	10.320309	1.033482	2.7798448	23.214329	-9.855488	-180.29597	0.12132863	0.0018751876	0.12537605	0.11877445	0.07043132	1.0466251	0.8194504	6.464349	1.1920929e-07	250.8142	77.00284	323.3831	4.613468	238.41202	73.93451	314.22235	4.613468	193.6861	57.66566	245.07278	3.721974	-44.725903	17.631647	8.673991	-76.18406	44.875294	17.24788	76.18406	0.1359564	-0.17572358	0.06972901	0.7892632	-0.37355602	2311.2812	1334.7542	5804.0103	0.018484145	8.663726	4.0408297	19.54038	0.0008561178
24	24999	48427.515548467636	963.72504	42.72164	1001.25287	903.95557	286.66666	3390.0347	0.0	3390.0347	3390.0347	1000.0	181.51353	62.204723	252.62166	-79.436646	10.35587	1.0258663	2.7588396	22.43121	-15.440084	-184.72104	0.12863299	0.0013723313	0.13049525	0.12538199	0.05324974	1.0428365	0.81527996	5.807966	3.5762787e-07	319.13022	56.809772	369.57236	4.558762	307.23395	55.350243	362.82294	4.558762	235.48878	36.274612	275.56055	7.11403	-71.74519	21.509706	3.2528305	-129.55121	71.76744	21.435349	129.55121	0.17093655	-0.2250304	0.054121114	0.25552678	-0.37589937	5610.04	2590.5305	16783.514	0.029219305	17.230595	6.893668	48.698215	0.00023129505
25	25999	50884.91561341286	1107.8993	31.07108	1151.7349	1083.3452	325.66666	1297.1378	0.0	1297.1378	1297.1378	372.0	185.82014	63.44263	258.74493	-94.65337	10.266535	1.0079509	2.7045994	23.385729	-10.692766	-188.911	0.13189028	0.000701008	0.1328772	0.13026376	0.016195294	1.0374053	0.81065863	6.3300557	1.1622906e-06	274.1205	75.32317	355.87573	4.5453935	262.50238	72.722664	345.38953	4.5453935	219.23746	55.951138	274.80966	-0.14831778	-43.2649	20.982082	15.941563	-85.57673	43.661594	20.143602	85.57673	0.01142236	-0.15423642	0.10458413	1.5941563	-0.6324685	2312.0994	1639.34	7323.376	0.00013047032	7.9119163	4.7711596	25.413342	9.249522e-07
26	26999	53312.42307686806	937.7733	20.263367	958.0367	917.50995	278.5	3294.8994	0.0	3294.8994	3294.8994	1000.0	190.65251	65.31465	296.16797	-83.51931	10.220894	1.0096447	2.6831324	23.410275	-10.944357	-193.72218	0.1322839	0.0007803673	0.13401245	0.1310756	0.01950621	1.0298337	0.81157225	6.70335	2.682209e-06	337.06796	26.758114	366.74557	248.33437	325.84225	24.906221	356.74457	250.704	269.82632	20.725424	302.50842	213.35664	-56.015965	7.8886814	-37.17767	-75.67021	56.015965	7.8886814	75.67021	37.17767	-0.17167698	0.018307973	-0.11969267	-0.22516328	3200.0193	880.23773	5725.981	1382.179	9.741036	2.3212187	17.015871	4.9230957
27	27999	55770.4231903553	2493.3325	117.28479	2610.6174	2376.0479	713.0	1047.9089	0.0	1047.9089	1047.9089	326.0	195.49173	67.38523	314.5528	-79.829025	10.338036	1.005721	2.6742117	24.763155	-11.271314	-198.54187	0.13516046	0.0004120814	0.13614492	0.13395916	0.011513069	1.0267246	0.8113017	6.2347813	1.4603138e-06	244.08308	80.06537	333.36658	2.2877502	240.22408	80.52466	326.15897	2.2877502	271.78516	24.126333	317.34198	215.9542	31.56109	78.13637	282.5555	-41.3732	59.02307	60.147076	282.5555	0.20848197	0.8229545	3.4444265	28.25555	-0.14446665	7101.3945	14672.14	79837.62	0.043464728	195.94878	914.1758	7983.7617	0.00014761114
28	28999	58236.41763305664	562.2786	136.2492	698.52783	426.02942	207.5	3256.2988	0.0	3256.2988	3256.2988	1000.0	200.23547	67.97065	311.1667	-79.889404	14.566594	0.9942201	2.7271917	21.987617	-15.230244	-203.27971	0.13256583	0.0021278076	0.1360017	0.12991914	-0.011481689	1.0186566	0.8112846	6.064006	2.2649765e-06	281.49368	73.694984	353.80313	4.5137815	268.5137	69.98576	341.10754	4.5137815	227.12698	56.35427	283.0131	-0.35826164	-41.386726	19.639082	4.455273	-83.07348	41.399475	19.612183	83.07348	0.84907264	-0.15200487	0.05713759	0.096624404	-0.6980378	2098.5544	1632.3568	6901.203	0.7209243	7.0366096	4.741092	20.759846	0.0040502483
29	29999	60692.32286524773	2742.0	542.7533	3284.7534	2199.2468	806.5	3366.9902	0.0	3366.9902	3366.9902	1000.0	208.48917	71.373314	303.81546	-88.46768	13.826784	1.0508004	2.8195863	22.503056	-10.582811	-211.58278	0.14116287	0.0033275124	0.1442647	0.13379546	0.10037982	1.0358183	0.81542724	7.085087	0.0	338.76846	25.469408	360.8114	251.18672	328.62796	25.786835	358.25476	231.745	269.24915	13.363698	290.01663	217.20113	-59.3788	14.771931	-7.194449	-84.13016	59.3788	14.771931	84.13016	7.194449	-0.17827946	0.03574785	-0.025712077	-0.24120905	3744.0518	1517.7599	7077.883	51.760098	11.10637	4.082115	20.292953	0.18498422
30	30999	63158.54559469223	1423.9668	246.71716	1670.684	1177.2496	404.0	3268.17	0.0	3268.17	3268.17	1000.0	212.63507	73.14551	306.6376	-81.79979	13.65041	1.0060226	2.7978318	21.909546	-13.030951	-215.7712	0.14368866	0.0006588578	0.14553022	0.14288954	0.011684225	1.0276035	0.8166774	6.4888287	8.046627e-07	330.7812	22.30734	353.02933	250.54552	328.91547	20.743444	352.16333	257.9155	280.78946	14.197971	298.02557	227.37961	-48.125988	8.694077	-30.103136	-64.80712	48.125988	8.694077	64.80712	30.103136	-0.14542587	0.01995495	-0.101518765	-0.19486277	2391.6975	798.9247	4199.9624	906.1988	7.1681294	2.154774	12.608513	3.1700728
31	31999	65600.5235555172	3284.6335	0.0	3284.6335	3284.6335	1000.0	3227.8135	0.0	3227.8135	3227.8135	1000.0	215.93114	72.85005	308.64032	-85.89586	13.062522	0.9775955	2.777922	22.27322	-10.128928	-218.95589	0.14352675	0.0016730148	0.14563373	0.14048758	-0.04350647	1.026669	0.81473196	6.2263002	2.2798777e-06	329.522	21.730692	359.4945	251.54239	328.7965	20.50603	355.16855	260.57516	283.97202	15.38071	302.88385	227.53142	-44.824505	7.1576567	-29.042963	-61.09788	44.824505	7.1576567	61.09788	29.042963	-0.13574126	0.015962215	-0.09411381	-0.17944527	2060.468	631.83203	3732.9512	843.49365	6.193709	1.6646445	10.963726	2.7333438
32	32999	67839.51214694977	3284.7222	0.0	3284.7222	3284.7222	1000.0	3332.9646	0.0	3332.9646	3332.9646	1000.0	218.7476	73.100494	308.13455	-88.48507	12.825603	0.9634966	2.7685378	23.121733	-12.155978	-221.6462	0.13812232	0.0024001643	0.14139393	0.13304049	-0.072561584	1.0208801	0.8120397	6.2576947	2.9802322e-08	341.63275	22.793287	365.86472	255.96281	338.21683	21.168715	365.57022	264.87585	284.51495	15.843583	302.58075	227.15787	-53.70189	7.5402513	-37.059105	-69.68591	53.70189	7.5402513	69.68591	37.059105	-0.15826355	0.015478955	-0.13169838	-0.19622852	2940.7485	810.7159	4856.126	1373.3772	8.608307	2.0236707	13.639045	5.168151
33	33999	69941.91925501823	3290.539	0.0	3290.539	3290.539	1000.0	3338.4673	0.0	3338.4673	3338.4673	1000.0	221.0192	73.11758	311.9876	-82.72438	11.229097	0.9805993	2.7673056	23.333948	-12.639333	-223.88884	0.13073458	0.0007731868	0.13303205	0.12897635	-0.03937098	1.0153615	0.8107977	6.1399117	1.7136335e-07	300.82684	65.58265	357.96118	5.016083	293.52792	66.0186	359.86807	5.016083	262.09946	46.429653	306.51996	48.005657	-31.428465	23.26514	42.989574	-60.23507	34.678894	18.066248	60.23507	0.14062428	-0.070981055	0.26297152	4.2989573	-0.17231955	1529.0151	1124.6648	3628.2634	0.01977519	5.579596	10.185285	184.81035	7.577029e-05
34	34999	72008.61585235596	3384.213	0.0	3384.213	3384.213	1000.0	2433.5078	0.0	2433.5078	2433.5078	685.0	224.18166	73.496994	315.20496	-76.93878	11.260196	0.98454934	2.7457397	23.065262	-12.1668	-226.96434	0.12723747	0.0008356689	0.12904836	0.12604047	-0.031773664	1.0094117	0.80647415	6.3466473	1.847744e-06	304.60022	63.574814	359.7797	4.519941	297.43643	64.53143	360.9028	4.519941	266.20355	50.937885	309.0995	2.9454446	-31.232895	21.113007	31.410286	-56.956535	34.071552	16.13636	56.956535	0.25647202	-0.097759426	0.07151623	0.23058426	-0.2320517	1421.2528	953.21045	3244.0469	0.06577789	4.428244	2.6576717	9.402025	0.00024035473
